CWR CW-002 sharp Dobrushin–Le Cam tail-radius check

Reset chain: T_rho = rho I + (1-rho) J/n, rho=0.7.
Perfect observation at delay t.
Predicted exact null-deficiency / TV Chebyshev radius:
  r_t = (1 - 1/n) rho^t

n | t | computed radius | formula | abs error
 2 |  1 | 0.350000000000 | 0.350000000000 | 0.000e+00
 2 |  2 | 0.245000000000 | 0.245000000000 | 2.776e-17
 2 |  3 | 0.171500000000 | 0.171500000000 | 2.776e-17
 2 |  5 | 0.084035000000 | 0.084035000000 | 5.551e-17
 2 | 10 | 0.014123762450 | 0.014123762450 | 2.949e-17
 3 |  1 | 0.466666666667 | 0.466666666667 | 5.551e-17
 3 |  2 | 0.326666666667 | 0.326666666667 | 5.551e-17
 3 |  3 | 0.228666666667 | 0.228666666667 | 0.000e+00
 3 |  5 | 0.112046666667 | 0.112046666667 | 4.163e-17
 3 | 10 | 0.018831683267 | 0.018831683267 | 1.735e-17
 5 |  1 | 0.560000000000 | 0.560000000000 | 1.110e-16
 5 |  2 | 0.392000000000 | 0.392000000000 | 5.551e-17
 5 |  3 | 0.274400000000 | 0.274400000000 | 1.110e-16
 5 |  5 | 0.134456000000 | 0.134456000000 | 5.551e-17
 5 | 10 | 0.022598019920 | 0.022598019920 | 2.776e-16
10 |  1 | 0.630000000000 | 0.630000000000 | 1.110e-16
10 |  2 | 0.441000000000 | 0.441000000000 | 1.110e-16
10 |  3 | 0.308700000000 | 0.308700000000 | 0.000e+00
10 |  5 | 0.151263000000 | 0.151263000000 | 1.110e-16
10 | 10 | 0.025422772410 | 0.025422772410 | 1.769e-16